73797
73802
73841
73855
73864
73885
73894
73900
73912
73915
73922
73928
73933
73940
73945
73948
73954
73956
73957
73960
73962
73965
73968
73970
73972
73976
73980
73982
73983
73986
73991
73994
73995
73997
73999
74002
74004
74006
74010
74014
74015
74017
74018
74022
74026
74030
74032
74036
74039
74041
74043
74045
74047
74049
74050
74053
74055
74057
74059
74060
74063
74065
74067
74069
74072
74074
74078
74081
74084
74085
74089
74091
74092
74094
74096
74098
74100
74103
74104
74108
74110
74112
74113
74116
74118
74120
74122
74124
74127
74131
74134
74136
74140
74143
74144
74146
74147
74149
74152
74153
74155
74156
74159
74161
74162
74164
74165
74167
74169
74172
74174
74176
74178
74181
74182
74183
74186
74188
74190
74193
74196
74198
74200
74202
74204
74206
74208
74210
74212
74214
74216
74218
74220
74222
74224
74226
74228
74230
74232
74234
74236
74238
74240
74242
74244
74246
74248
74250
74252
74254
74256
74258
74260
74262
74264
74266
74268
74270
74272
74274
74276
74278
74280
74282
74284
74286
74288
74290
74292
74294
74296
74298
74300
74302
74304
74306
74308
74310
74312
74314
74316
74318
74320
74322
74324
74326
74328
74330
74332
74334
74336
74338
74340
74342
74344
74346
74348
74350
74352
74354
74356
74358
74360
74362
74364
74366
74368
74370
74372
74374
74376
74378
74380
74382
74384
74386
74388
74390
74392
74394
74396
74398
74400
74402
74404
74406
74408
74410
74412
74414
74416
74418
74420
74422
74424
74426
74428
74430
74432
74434
74436
74438
74440
74442
74444
74446
74448
74450
74452
74454
74456
74458
74460
74462
74464
74466
74468
74470
74472
74474
74476
74478
74480
74482
74484
74486
74488
74490
74492
74494
74496
74498
74500
74502
74504
74506
74508
74510
74512
74514
74516
74518
74520
74522
74524
74526
74528
74530
74532
74534
74536
74538
74540
74542
74544
74546
74548
74550
74552
74554
74556
74558
74560
74562
74564
74566
74568
74570
74572
74574
74576
74578
74580
74582
74584
74586
74588
74590
74592
74594
74596
74598
74600
74602
74604
74606
74608
74610
74612
74614
74616
74618
74620
74622
74624
74626
74628
74630
74632
74634
74636
74638
74640
74642
74644
74646
74648
74650
74652
74654
74656
74658
74660
74662
74664
74666
74668
74670
74672
74674
74676
74678
74680
74682
74684
74686
74688
74690
74692
74694
74696
74698
74700
74702
74704
74706
74708
74710
74712
74714
74716
74718
74720
74722
74724
74726
74728
74730
74732
74734
74736
74738
74740
74742
74744
74746
74748
74750
74752
74754
74756
74758
74760
74762
74764
74766
74768
74770
74772
74774
74776
74778
74780
74782
74784
74786
74788
74790
74792
74794
74796
74798
74800
74802
74804
74806
74808
74810
74812
74814
74816
74818
74820
74822
74824
74826
74828
74830
74832
74834
74836
74838
74840
74842
74844
74846
74848
74850
74852
74854
74856
74858
74860
74862
74864
74866
74868
74870
74872
74874
74876
74878
74880
74882
74884
74886
74888
74890
74892
74894
74896
74898
74900
74902
74904
74906
74908
74910
74912
74914
74916
74918
74920
74922
74924
74926
74928
74930
74932
74934
74936
74938
74940
74942
74944
74946
74948
74950
74952
74954
74956
74958
74960
74962
74964
74966
74968
74970
74972
74974
74976
74978
74980
74982
74984
74986
74988
74990
74992
74994
74996
74998
75000
75002
75004
75006
75008
75010
75012
75014
75016
75018
75020
75022
75024
75026
75028
75030
75032
75034
75036
75038
75040
75042
75044
75046
75048
75050
75052
75054
75056
75058
75060
75062
75064
75066
75068
75070
75072
75074
75076
75078
75080
75082
75084
75086
75088
75090
75092
75094
75096
75098
75100
75102
75104
75106
75108
75110
75112
75114
75116
75118
75120
75122
75124
75126
75128
75130
75132
75134
75136
75138
75140
75142
75144
75146
75148
75150
75152
75154
75156
75158
75160
75162
75164
75166
75168
75170
75172
75174
75176
75178
75180
75182
75184
75186
75188
75190
75192
75194
75196
75198
75200
75202
75204
75206
75208
75210
75212
75214
75216
75218
75220
75222
75224
75226
75228
75230
75232
75234
75236
75238
75240
75242
75244
75246
75248
75250
75252
75254
75256
75258
75260
75262
75264
75266
75268
75270
75272
75274
75276
75278
75280
75282
75284
75286
75288
75290
75292
75294
75296
75298
75300
75302
75304
75306
75308
75310
75312
75314
75316
75318
75320
75322
75324
75326
75328
75330
75332
75334
75336
75338
75340
75342
75344
75346
75348
75350
75352
75354
75356
75358
75360
75362
75364
75366
75368
75370
75372
75374
75376
75378
75380
75382
75384
75386
75388
75390
75392
75394
75396
75398
75400
75402
75404
75406
75408
75410
75412
75414
75416
75418
75420
75422
75424
75426
75428
75430
75432
75434
75436
75438
75440
75442
75444
75446
75448
75450
75452
75454
75456
75458
75460
75462
75464
75466
75468
75470
75472
75474
75476
75478
75480
75482
75484
75486
75488
75490
75492
75494
75496
75498
75500
75502
75504
75506
75508
75510
75512
75514
75516
75518
75520
75522
75524
75526
75528
75530
75532
75534
75536
75538
75540
75542
75544
75546
75548
75550
75552
75554
75556
75558
75560
75562
75564
75566
75568
75570
75572
75574
75576
75578
75580
75582
75584
75586
75588
75590
75592
75594
75596
75598
75600
75602
75604
75606
75608
75610
75612
75614
75616
75618
75620
75622
75624
75626
75628
75630
75632
75634
75636
75638
75640
75642
75644
75646
75648
75650
75652
75654
75656
75658
75660
75662
75664
75666
75668
75670
75672
75674
75676
75678
75680
75682
75684
75686
75688
75690
75692
75694
75696
75698
75700
75702
75704
75706
75708
75710
75712
75714
75716
75718
75720
75722
75724
75726
75728
75730
75732
75734
75736
75738
75740
75742
75744
75746
75748
75750
75752
75754
75756
75758
75760
75762
75764
75766
75768
75770
75772
75774
75776
75778
75780
75782
75784
75786
75788
75790
75792
75794
75796
75798
75800
75802
75804
75806
75808
75810
75812
75814
75816
75818
75820
75822
75824
75826
75828
75830
75832
75834
75836
75838
75840
75842
75844
75846
75848
75850
75852
75854
75856
75858
75860
75862
75864
75866
75868
75870
75872
75874
75876
75878
75880
75882
75884
75886
75888
75890
75892
75894
75896
75898
75900
75902
75904
75906
75908
75910
75912
75914
75916
75918
75920
75922
75924
75926
75928
75930
75932
75934
75936
75938
75940
75942
75944
75946
75948
75950
75952
75954
75956
75958
75960
75962
75964
75966
75968
75970
75972
75974
75976
75978
75980
75982
75984
75986
75988
75990
75992
75994
75996
75998
76000
76002
76004
76006
76008
76010
76012
76014
76016
76018
76020
76022
76024
76026
76028
76030
76032
76034
76036
76038
76040
76042
76044
76046
76048
76050
76052
76054
76056
76058
76060
76062
76064
76066
76068
76070
76072
76074
76076
76078
76080
76082
76084
76086
76088
76090
76092
76094
76096
76098
76100
76102
76104
76106
76108
76110
76112
76114
76116
76118
76120
76122
76124
76126
76128
76130
76132
76134
76136
76138
76140
76142
76144
76146
76148
76150
76152
76154
76156
76158
76160
76162
76164
76166
76168
76170
76172
76174
76176
76178
76180
76182
76184
76186
76188
76190
76192
76194
76196
76198
76200
76202
76204
76206
76208
76210
76212
76214
76216
76218
76220
76222
76224
76226
76228
76230
76232
76234
76236
76238
76240
76242
76244
76246
76248
76250
76252
76254
76256
76258
76260
76262
76264
76266
76268
76270
76272
76274
76276
76278
76280
76282
76284
76286
76288
76290
76292
76294
76296
76298
76300
76302
76304
76306
76308
76310
76312
76314
76316
76318
76320
76322
76324
76326
76328
76330
76332
76334
76336
76338
76340
76342
76344
76346
76348
76350
76352
76354
76356
76358
76360
76362
76364
76366
76368
76370
76372
76374
76376
76378
76380
76382
76384
76386
76388
76390
76392
76394
76396
76398
76400
76402
76404
76406
76408
76410
76412
76414
76416
76418
76420
76422
76424
76426
76428
76430
76432
76434
76436
76438
76440
76442
76444
76446
76448
76450
76452
76454
76456
76458
76460
76462
76464
76466
76468
76470
76472
76474
76476
76478
76480
76482
76484
76486
76488
76490
76492
76494
76496
76498
76500
76502
76504
76506
76508
76510
76512
76514
76516
76518
76520
76522
76524
76526
76528
76530
76532
76534
76536
76538
76540
76542
76544
76546
76548
76550
76552
76554
76556
76558
76560
76562
76564
76566
76568
76570
76572
76574
76576
76578
76580
76582
76584
76586
76588
76590
76592
76594
76596
76598
76600
76602
76604
76606
76608
76610
76612
76614
76616
76618
76620
76622
76624
76626
76628
76630
76632
76634
76636
76638
76640
76642
76644
76646
76648
76650
76652
76654
76656
76658
76660
76662
76664
76666
76668
76670
76672
76674
76676
76678
76680
76682
76684
76686
76688
76690
76692
76694
76696
76698
76700
76702
76704
76706
76708
76710
76712
76714
76716
76718
76720
76722
76724
76726
76728
76730
76732
76734
76736
76738
76740
76742
76744
76746
76748
76750
76752
76754
76756
76758
76760
76762
76764
76766
76768
76770
76772
76774
76776
76778
76780
76782
76784
76786
76788
76790
76792
76794
76796
76798
76800
76802
76804
76806
76808
76810
76812
76814
76816
76818
76820
76822
76824
76826
76828
76830
76832
76834
76836
76838
76840
76842
76844
76846
76848
76850
76852
76854
76856
76858
76860
76862
76864
76866
76868
76870
76872
76874
76876
76878
76880
76882
76884
76886
76888
76890
76892
76894
76896
76898
76900
76902
76904
76906
76908
76910
76912
76914
76916
76918
76920
76922
76924
76926
76928
76930
76932
76934
76936
76938
76940
76942
76944
76946
76948
76950
76952
76954
76956
76958
76960
76962
76964
76966
76968
76970
76972
76974
76976
76978
76980
76982
76984
76986
76988
76990
76992
76994
76996
76998
77000
77002
77004
77006
77008
77010
77012
77014
77016
77018
77020
77022
77024
77026
77028
77030
77032
77034
77036
77038
77040
77042
77044
77046
77048
77050
77052
77054
77056
77058
77060
77062
77064
77066
77068
77070
77072
77074
77076
77078
77080
77082
77084
77086
77088
77090
77092
77094
77096
77098
77100
77102
77104
77106
77108
77110
77112
77114
77116
77118
77120
77122
77124
77126
77128
77130
77132
77134
77136
77138
77140
77142
77144
77146
77148
77150
77152
77154
77156
77158
77160
77162
77164
77166
77168
77170
77172
77174
77176
77178
77180
77182
77184
77186
77188
77190
77192
77194
77196
77198
77200
77202
77204
77206
77208
77210
77212
77214
77216
77218
77220
77222
77224
77226
77228
77230
77232
77234
77236
77238
77240
77242
77244
77246
77248
77250
77252
77254
77256
77258
77260
77262
77264
77266
77268
77270
77272
77274
77276
77278
77280
77282
77284
77286
77288
77290
77292
77294
77296
77298
77300
77302
77304
77306
77308
77310
77312
77314
77316
77318
77320
77322
77324
77326
77328
77330
77332
77334
77336
77338
77340
77342
77344
77346
77348
77350
77352
77354
77356
77358
77360
77362
77364
77366
77368
77370
77372
77374
77376
77378
77380
77382
77384
77386
77388
77390
77392
77394
77396
77398
77400
77402
77404
77406
77408
77410
77412
77414
77416
77418
77420
77422
77424
77426
77428
77430
77432
77434
77436
77438
77440
77442
77444
77446
77448
77450
77452
77454
77456
77458
77460
77462
77464
77466
77468
77470
77472
77474
77476
77478
77480
77482
77484
77486
77488
77490
77492
77494
77496
77498
77500
77502
77504
77506
77508
77510
77512
77514
77516
77518
77520
77522
77524
77526
77528
77530
77532
77534
77536
77538
77540
77542
77544
77546
77548
77550
77552
77554
77556
77558
77560
77562
77564
77566
77568
77570
77572
77574
77576
77578
77580
77582
77584
77586
77588
77590
77592
77594
77596
77598
77600
77602
77604
77606
77608
77610
77612
77614
77616
77618
77620
77622
77624
77626
77628
77630
77632
77634
77636
77638
77640
77642
77644
77646
77648
77650
77652
77654
77656
77658
77660
77662
77664
77666
77668
77670
77672
77674
77676
77678
77680
77682
77684
77686
77688
77690
77692
77694
77696
77698
77700
77702
77704
77706
77708
77710
77712
77714
77716
77718
77720
77722
77724
77726
77728
77730
77732
77734
77736
77738
77740
77742
77744
77746
77748
77750
77752
77754
77756
77758
77760
77762
77764
77766
77768
77770
77772
77774
77776
77778
77780
77782
77784
77786
77788
77790
77792
77794
77796
77798
77800
77802
77804
77806
77808
77810
77812
77814
77816
77818
77820
77822
77824
77826
77828
77830
77832
77834
77836
77838
77840
77842
77844
77846
77848
77850
77852
77854
77856
77858
77860
77862
77864
77866
77868
77870
77872
77874
77876
77878
77880
77882
77884
77886
77888
77890
77892
77894
77896
77898
77900
77902
77904
77906
77908
77910
77912
77914
77916
77918
77920
77922
77924
77926
77928
77930
77932
77934
77936
77938
77940
77942
77944
77946
77948
77950
77952
77954
77956
77958
77960
77962
77964
77966
77968
77970
77972
77974
77976
77978
77980
77982
77984
77986
77988
77990
77992
77994
77996
77998
78000
78002
78004
78006
78008
78010
78012
78014
78016
78018
78020
78022
78024
78026
78028
78030
78032
78034
78036
78038
78040
78042
78044
78046
78048
78050
78052
78054
78056
78058
78060
78062
78064
78066
78068
78070
78072
78074
78076
78078
78080
78082
78084
78086
78088
78090
78092
78094
78096
78098
78100
78102
78104
78106
78108
78110
78112
78114
78116
78118
78120
78122
78124
78126
78128
78130
78132
78134
78136
78138
78140
78142
78144
78146
78148
78150
78152
78154
78156
78158
78160
78162
78164
78166
78168
78170
78172
78174
78176
78178
78180
78182
78184
78186
78188
78190
78192
78194
78196
78198
78200
78202
78204
78206
78208
78210
78212
78214
78216
78218
78220
78222
78224
78226
78228
78230
78232
78234
78236
78238
78240
78242
78244
78246
78248
78250
78252
78254
78256
78258
78260
78262
78264
78266
78268
78270
78272
78274
78276
78278
78280
78282
78284
78286
78288
78290
78292
78294
78296
78298
78300
78302
78304
78306
78308
78310
78312
78314
78316
78318
78320
78322
78324
78326
78328
78330
78332
78334
78336
78338
78340
78342
78344
78346
78348
78350
78352
78354
78356
78358
78360
78362
78364
78366
78368
78370
78372
78374
78376
78378
78380
78382
78384
78386
78388
78390
78392
78394
78396
78398
78400
78402
78404
78406
78408
78410
78412
78414
78416
78418
78420
78422
78424
78426
78428
78430
78432
78434
78436
78438
78440
78442
78444
78446
78448
78450
78452
78454
78456
78458
78460
78462
78464
78466
78468
78470
78472
78474
78476
78478
78480
78482
78484
78486
78488
78490
78492
78494
78496
78498
78500
78502
78504
78506
78508
78510
78512
78514
78516
78518
78520
78522
78524
78526
78528
78530
78532
78534
78536
78538
78540
78542
78544
78546
78548
78550
78552
78554
78556
78558
78560
78562
78564
78566
78568
78570
78572
78574
78576
78578
78580
78582
78584
78586
78588
78590
78592
78594
78596
78598
78600
78602
78604
78606
78608
78610
78612
78614
78616
78618
78620
78622
78624
78626
78628
78630
78632
78634
78636
78638
78640
78642
78644
78646
78648
78650
78652
78654
78656
78658
78660
78662
78664
78666
78668
78670
78672
78674
78676
78678
78680
78682
78684
78686
78688
78690
78692
78694
78696
78698
78700
78702
78704
78706
78708
78710
78712
78714
78716
78718
78720
78722
78724
78726
78728
78730
78732
78734
78736
78738
78740
78742
78744
78746
78748
78750
78752
78754
78756
78758
78760
78762
78764
78766
78768
78770
78772
78774
78776
78778
78780
78782
78784
78786
78788
78790
78792
78794
78796
78798
78800
78802
78804
78806
78808
78810
78812
78814
78816
78818
78820
78822
78824
78826
78828
78830
78832
78834
78836
78838
78840
78842
78844
78846
78848
78850
78852
78854
78856
78858
78860
78862
78864
78866
78868
78870
78872
78874
78876
78878
78880
78882
78884
78886
78888
78890
78892
78894
78896
78898
78900
78902
78904
78906
78908
78910
78912
78914
78916
78918
78920
78922
78924
78926
78928
78930
78932
78934
78936
78938
78940
78942
78944
78946
78948
78950
78952
78954
78956
78958
78960
78962
78964
78966
78968
78970
78972
78974
78976
78978
78980
78982
78984
78986
78988
78990
78992
78994
78996
78998
79000
79002
79004
79006
79008
79010
79012
79014
79016
79018
79020
79022
79024
79026
79028
79030
79032
79034
79036
79038
79040
79042
79044
79046
79048
79050
79052
79054
79056
79058
79060
79062
79064
79066
79068
79070
79072
79074
79076
79078
79080
79082
79084
79086
79088
79090
79092
79094
79096
79098
79100
79102
79104
79106
79108
79110
79112
79114
79116
79118
79120
79122
79124
79126
79128
79130
79132
79134
79136
79138
79140
79142
79144
79146
79148
79150
79152
79154
79156
79158
79160
79162
79164
79166
79168
79170
79172
79174
79176
79178
79180
79182
79184
79186
79188
79190
79192
79194
79196
79198
79200
79202
79204
79206
79208
79210
79212
79214
79216
79218
79220
79222
79224
79226
79228
79230
79232
79234
79236
79238
79240
79242
79244
79246
79248
79250
79252
79254
79256
79258
79260
79262
79264
79266
79268
79270
79272
79274
79276
79278
79280
79282
79284
79286
79288
79290
79292
79294
79296
79298
79300
79302
79304
79306
79308
79310
79312
79314
79316
79318
79320
79322
79324
79326
79328
79330
79332
79334
79336
79338
79340
79342
79344
79346
79348
79350
79352
79354
79356
79358
79360
79362
79364
79366
79368
79370
79372
79374
79376
79378
79380
79382
79384
79386
79388
79390
79392
79394
79396
79398
79400
79402
79404
79406
79408
79410
79412
79414
79416
79418
79420
79422
79424
79426
79428
79430
79432
79434
79436
79438
79440
79442
79444
79446
79448
79450
79452
79454
79456
79458
79460
79462
79464
79466
79468
79470
79472
79474
79476
79478
79480
79482
79484
79486
79488
79490
79492
79494
79496
79498
79500
79502
79504
79506
79508
79510
79512
79514
79516
79518
79520
79522
79524
79526
79528
79530
79532
79534
79536
79538
79540
79542
79544
79546
79548
79550
79552
79554
79556
79558
79560
79562
79564
79566
79568
79570
79572
79574
79576
79578
79580
79582
79584
79586
79588
79590
79592
79594
79596
79598
79600
79602
79604
79606
79608
79610
79612
79614
79616
79618
79620
79622
79624
79626
79628
79630
79632
79634
79636
79638
79640
79642
79644
79646
79648
79650
79652
79654
79656
79658
79660
79662
79664
79666
79668
79670
79672
79674
79676
79678
79680
79682
79684
79686
79688
79690
79692
79694
79696
79698
79700
79702
79704
79706
79708
79710
79712
79714
79716
79718
79720
79722
79724
79726
79728
79730
79732
79734
79736
79738
79740
79742
79744
79746
79748
79750
79752
79754
79756
79758
79760
79762
79764
79766
79768
79770
79772
79774
79776
79778
79780
79782
79784
79786
79788
79790
79792
79794
79796
79798
79800
79802
79804
79806
79808
79810
79812
79814
79816
79818
79820
79822
79824
79826
79828
79830
79832
79834
79836
79838
79840
79842
79844
79846
79848
79850
79852
79854
79856
79858
79860
79862
79864
79866
79868
79870
79872
79874
79876
79878
79880
79882
79884
79886
79888
79890
79892
79894
79896
79898
79900
79902
79904
79906
79908
79910
79912
79914
79916
79918
79920
79922
79924
79926
79928
79930
79932
79934
79936
79938
79940
79942
79944
79946
79948
79950
79952
79954
79956
79958
79960
79962
79964
79966
79968
79970
79972
79974
79976
79978
79980
79982
79984
79986
79988
79990
79992
79994
79996
79998
80000